8.625161647796630859e-02,7.120391726493835449e-02,2.517263591289520264e-01,1.555498242378234863e-01,-5.459985136985778809e-02,-2.412833273410797119e-02,-4.143071547150611877e-02,1.192811802029609680e-01,-2.736488282680511475e-01,2.198823392391204834e-01,-1.736978888511657715e-01,1.707209944725036621e-01,1.779944896697998047e-01,3.776329755783081055e-01,-1.005034297704696655e-01,-2.125766128301620483e-01,1.580633074045181274e-01,-5.148242041468620300e-02,7.052118331193923950e-02,4.883481189608573914e-02,1.487575173377990723e-01,1.742209792137145996e-01,-1.328525990247726440e-01,1.359044760465621948e-01,-2.428327202796936035e-01,3.327144682407379150e-01,-1.678057909011840820e-01,1.497649252414703369e-01,-4.111818596720695496e-02,-5.408211424946784973e-02,-3.256104588508605957e-01,-1.175036430358886719e-01
-1.814565807580947876e-02,-2.259827703237533569e-01,1.376650780439376831e-01,4.000120982527732849e-02,2.245040796697139740e-02,2.405741065740585327e-01,-8.285048604011535645e-02,8.169200271368026733e-02,-1.716849952936172485e-01,-2.740082144737243652e-01,1.252610422670841217e-02,-1.743702143430709839e-01,6.020245701074600220e-02,-3.478107601404190063e-02,-1.247307881712913513e-01,7.314167171716690063e-02,2.142004668712615967e-01,1.094546690583229065e-01,3.793465793132781982e-01,6.756184995174407959e-02,-1.850179284811019897e-01,-3.307496905326843262e-01,-3.288002610206604004e-01,-2.406668215990066528e-01,-4.076391458511352539e-02,6.247645989060401917e-02,2.368967048823833466e-02,2.266191095113754272e-01,-3.263953328132629395e-01,4.710332304239273071e-02,7.411408424377441406e-02,8.693622052669525146e-02
1.775566637516021729e-01,1.871212385594844818e-02,2.800746858119964600e-01,-5.751585215330123901e-02,1.383729577064514160e-01,-3.148706555366516113e-01,1.463948469609022141e-02,-8.053645491600036621e-02,-3.078285753726959229e-01,1.514248102903366089e-01,-1.490114331245422363e-01,-3.388924002647399902e-01,-2.095318585634231567e-01,-1.158119440078735352e-01,1.384183317422866821e-01,1.454684436321258545e-01,1.007801666855812073e-01,5.018884688615798950e-02,6.515134125947952271e-02,-2.144000679254531860e-01,-1.936906948685646057e-02,-1.705023646354675293e-01,-5.179574713110923767e-02,-3.480932861566543579e-02,-1.478333026170730591e-02,-2.302331328392028809e-01,-3.202452361583709717e-01,-2.531814873218536377e-01,1.199775561690330505e-01,1.885209679603576660e-01,-2.072633653879165649e-01,-6.098374724388122559e-04
1.358872354030609131e-01,-7.183974236249923706e-02,4.658775776624679565e-02,-1.081349998712539673e-01,-2.352672070264816284e-01,-1.709331572055816650e-02,-3.911410272121429443e-01,-1.968501359224319458e-01,2.002173364162445068e-01,-9.057942777872085571e-03,4.001740366220474243e-02,2.494513690471649170e-01,-2.784811556339263916e-01,1.364314556121826172e-01,-1.294467002153396606e-01,8.983569219708442688e-03,9.854001551866531372e-02,2.901448309421539307e-02,2.868250310420989990e-01,-8.675788342952728271e-02,2.723814845085144043e-01,-2.717778086662292480e-01,2.358928471803665161e-01,8.458755165338516235e-02,-9.203898906707763672e-02,1.556956171989440918e-01,3.290448710322380066e-02,-6.593522429466247559e-02,1.134845018386840820e-01,3.507698774337768555e-01,1.130153164267539978e-01,9.544533677399158478e-03
1.260560005903244019e-01,-2.759503424167633057e-01,-2.507284283638000488e-01,1.070077866315841675e-01,-7.240448892116546631e-02,2.206738106906414032e-02,1.548927724361419678e-01,-5.316367000341415405e-02,8.604192733764648438e-02,1.906105279922485352e-01,8.357098698616027832e-02,-3.648791909217834473e-01,-1.374951452016830444e-01,1.580476462841033936e-01,1.486853659152984619e-01,1.091418713331222534e-01,2.163603901863098145e-01,5.120998620986938477e-02,8.726587146520614624e-02,1.014928147196769714e-01,2.218279540538787842e-01,2.171846628189086914e-01,-3.512814640998840332e-01,1.261897236108779907e-01,-5.559946596622467041e-02,4.395475983619689941e-02,2.462209761142730713e-02,1.520923078060150146e-01,3.298155367374420166e-01,2.778841182589530945e-02,2.939526736736297607e-01,-1.075561940670013428e-01
-2.289931923151016235e-01,-1.872810423374176025e-01,1.124913319945335388e-01,1.190285831689834595e-01,-5.366871133446693420e-02,-2.147353440523147583e-01,-3.167298063635826111e-02,3.132459223270416260e-01,2.010163366794586182e-01,1.127157360315322876e-01,-1.950616389513015747e-02,-1.282494515180587769e-03,-1.190809905529022217e-01,-4.715013131499290466e-02,6.217407435178756714e-02,1.810863018035888672e-01,-3.719696402549743652e-01,-1.395689100027084351e-01,2.440605908632278442e-01,-2.169876396656036377e-01,4.690607264637947083e-02,-3.101899847388267517e-02,4.588361084461212158e-02,-3.866942599415779114e-02,1.205233782529830933e-01,-3.376841917634010315e-02,-6.715662032365798950e-02,3.415285944938659668e-01,-7.111337780952453613e-02,-4.336610808968544006e-02,-7.349447160959243774e-02,-4.588920772075653076e-01
-1.747364103794097900e-01,1.484572887420654297e-01,2.342036962509155273e-01,-2.206066995859146118e-01,-5.137475728988647461e-01,-1.945083886384963989e-01,-4.775187466293573380e-03,-2.047469913959503174e-01,-1.658909022808074951e-02,5.543321371078491211e-02,2.353599667549133301e-02,1.755912601947784424e-02,1.441663503646850586e-01,7.936533540487289429e-03,2.853862568736076355e-02,3.496661037206649780e-02,-1.421483159065246582e-01,-1.996160596609115601e-01,5.647581070661544800e-02,1.892893463373184204e-01,-6.508570164442062378e-02,7.303608208894729614e-02,-2.590684294700622559e-01,2.070038616657257080e-01,-1.007331162691116333e-01,-2.525482773780822754e-01,-1.882199645042419434e-01,1.588638685643672943e-02,-2.002485245466232300e-01,-1.027482561767101288e-03,3.085271418094635010e-01,9.794785827398300171e-02
-1.944421082735061646e-01,3.597130067646503448e-03,-1.804911643266677856e-01,-2.088349312543869019e-01,-2.625947445631027222e-02,7.133267074823379517e-02,1.150454208254814148e-01,1.064040362834930420e-01,4.132981896400451660e-01,-2.030795812606811523e-01,-5.201954394578933716e-02,-1.388982087373733521e-01,1.140331029891967773e-01,6.370889395475387573e-02,-1.708648651838302612e-01,7.895034551620483398e-02,1.408435255289077759e-01,1.535509526729583740e-01,6.279399991035461426e-02,-3.474044203758239746e-01,-8.057687431573867798e-02,8.574707061052322388e-02,-7.447060197591781616e-04,2.053181529045104980e-01,-4.247049391269683838e-01,-1.076749935746192932e-01,-2.708301544189453125e-01,2.332415431737899780e-03,1.829768717288970947e-02,-3.551552072167396545e-04,-2.556803822517395020e-01,1.184500902891159058e-01
-2.866845130920410156e-01,-3.026524782180786133e-01,-6.771376729011535645e-02,4.318393766880035400e-02,1.160506904125213623e-01,-2.443818189203739166e-02,-1.421852111816406250e-01,2.427073195576667786e-02,2.457287162542343140e-02,2.069752663373947144e-01,4.236740767955780029e-01,1.380961388349533081e-03,1.129412427544593811e-01,4.500447213649749756e-02,-2.761574089527130127e-01,1.857055723667144775e-02,2.309661805629730225e-01,-4.644821584224700928e-01,-1.580347567796707153e-01,4.718618094921112061e-02,-1.257654875516891479e-01,-7.916214317083358765e-02,-5.898622795939445496e-02,-3.432683274149894714e-02,1.146703958511352539e-01,4.237720370292663574e-02,-2.096448987722396851e-01,-2.601018548011779785e-01,3.345128148794174194e-02,1.110978126525878906e-01,-7.848521322011947632e-02,-3.684040904045104980e-02
-3.814072310924530029e-01,1.882911622524261475e-01,2.871472239494323730e-01,-1.322309821844100952e-01,3.340600803494453430e-02,1.675698161125183105e-01,2.600303888320922852e-01,5.218457058072090149e-02,1.136086881160736084e-02,1.483848094940185547e-01,-9.177122265100479126e-03,1.278507709503173828e-01,-1.382620483636856079e-01,3.239145874977111816e-02,6.041254848241806030e-02,3.653047978878021240e-01,3.022495508193969727e-01,1.678197272121906281e-02,2.456327676773071289e-01,-1.111226081848144531e-01,1.910463422536849976e-01,1.562771499156951904e-01,4.401110112667083740e-02,-4.757003113627433777e-02,2.358563542366027832e-01,1.579139232635498047e-01,1.292077898979187012e-01,-1.866443157196044922e-01,-4.925439134240150452e-04,-1.813467293977737427e-01,5.246923118829727173e-02,1.630484163761138916e-01
1.348695605993270874e-01,3.133245110511779785e-01,-9.668721258640289307e-02,4.694839715957641602e-01,1.501518636941909790e-01,1.908027976751327515e-01,-2.186723351478576660e-01,-1.527466624975204468e-01,3.082705289125442505e-02,-9.585805237293243408e-04,3.612868189811706543e-01,9.404467418789863586e-03,7.220789045095443726e-02,-4.598994925618171692e-02,1.627962738275527954e-01,1.734536439180374146e-01,-2.025087326765060425e-01,-4.142133519053459167e-02,1.770830452442169189e-01,-2.298214286565780640e-01,1.748044788837432861e-01,6.390324980020523071e-02,-1.984805166721343994e-01,1.910414695739746094e-01,-5.663800984621047974e-04,-4.620067402720451355e-02,-1.217902451753616333e-01,-8.950613439083099365e-02,-2.057415843009948730e-01,-2.685891278088092804e-02,-6.281217932701110840e-02,1.374029815196990967e-01
2.461446821689605713e-01,-2.922686934471130371e-01,2.582552134990692139e-01,-8.932173252105712891e-02,-4.401937872171401978e-02,1.076542064547538757e-01,2.223042547702789307e-01,-2.113041430711746216e-01,-1.637997329235076904e-01,-5.450931563973426819e-02,2.768810987472534180e-01,9.126038849353790283e-02,2.498859763145446777e-01,-2.563387751579284668e-01,-3.280673921108245850e-01,2.627767026424407959e-01,-1.596186459064483643e-01,2.116080671548843384e-01,3.497789055109024048e-02,-3.103385493159294128e-02,1.969325914978981018e-02,3.056099712848663330e-01,1.400789618492126465e-01,1.043244600296020508e-01,1.103799790143966675e-03,3.090807795524597168e-02,2.641501650214195251e-02,4.137749224901199341e-02,6.850399076938629150e-02,1.433738917112350464e-01,-7.008310407400131226e-02,-1.477693319320678711e-01
-1.916408985853195190e-01,-1.705845072865486145e-02,6.151431798934936523e-02,2.450828850269317627e-01,-2.475898116827011108e-01,-1.852665841579437256e-01,2.063692808151245117e-01,-8.033697307109832764e-02,1.268482357263565063e-01,1.405635103583335876e-02,2.321450114250183105e-01,1.340445727109909058e-01,-3.101187944412231445e-01,3.600381314754486084e-03,-2.796471118927001953e-03,-1.472150534391403198e-01,6.632177531719207764e-02,3.542830049991607666e-01,-2.797724604606628418e-01,-1.322935149073600769e-02,6.230820715427398682e-02,6.713151931762695312e-02,-2.471982240676879883e-01,-2.564484179019927979e-01,-1.756542921066284180e-02,-4.324542358517646790e-02,1.109779700636863708e-01,-5.952579900622367859e-03,-2.237833887338638306e-01,2.751290500164031982e-01,-2.532230019569396973e-01,2.002221904695034027e-02
-3.733571767807006836e-01,1.003179550170898438e-01,-1.586215198040008545e-01,-7.323238253593444824e-02,7.147963345050811768e-02,-3.592352569103240967e-01,-4.506650567054748535e-01,-1.939587667584419250e-02,-2.166638672351837158e-01,-1.407904624938964844e-01,1.234972476959228516e-02,-1.130055189132690430e-01,3.141156435012817383e-01,-6.505237519741058350e-02,9.204816073179244995e-03,-2.779303491115570068e-02,3.927489742636680603e-02,3.025086224079132080e-01,1.044082492589950562e-01,-8.298106491565704346e-02,7.182213664054870605e-02,2.976636290550231934e-01,-4.018593207001686096e-02,-1.223025396466255188e-01,9.203824400901794434e-02,1.234991326928138733e-01,8.987416326999664307e-02,-4.864729940891265869e-03,1.378260254859924316e-01,1.375069022178649902e-01,8.291112631559371948e-02,-3.403773158788681030e-02
2.397031784057617188e-01,1.419066041707992554e-01,-3.025796711444854736e-01,-4.638834297657012939e-02,-2.480732277035713196e-03,-1.941320896148681641e-01,1.415583342313766479e-01,1.744879335165023804e-01,-3.129832446575164795e-03,3.308150172233581543e-02,-1.052656583487987518e-02,-1.563148051500320435e-01,-4.030303284525871277e-02,1.347380280494689941e-01,-1.278322786092758179e-01,1.955791413784027100e-01,2.112683467566967010e-02,-1.225435882806777954e-01,1.674821972846984863e-01,1.876211911439895630e-01,5.385291576385498047e-02,2.680947780609130859e-01,2.550463378429412842e-01,-2.663844823837280273e-01,-1.150477454066276550e-01,7.494363933801651001e-02,-5.301697552204132080e-02,-1.950404345989227295e-01,-4.895743131637573242e-01,1.912991106510162354e-01,9.748002141714096069e-02,-7.426926493644714355e-02
-5.173766613006591797e-02,-8.286938071250915527e-03,1.114892512559890747e-01,2.091618813574314117e-02,3.093720674514770508e-01,-2.241001278162002563e-01,4.681431874632835388e-02,4.883038997650146484e-02,-9.250835329294204712e-02,-1.014765724539756775e-01,-7.457554340362548828e-02,3.614316508173942566e-02,-1.899806782603263855e-02,7.207727432250976562e-02,-2.101552635431289673e-01,1.343211382627487183e-01,-1.748503372073173523e-02,-2.066495120525360107e-01,-1.564166545867919922e-01,-1.565047055482864380e-01,1.666627824306488037e-01,-1.001793444156646729e-01,-1.944664120674133301e-01,2.262511402368545532e-01,-3.508833050727844238e-01,-1.466929465532302856e-01,5.772101879119873047e-01,-7.226894050836563110e-02,-9.951218217611312866e-02,6.858667731285095215e-02,1.427130997180938721e-01,-5.998334288597106934e-02
-1.113601475954055786e-01,1.704272776842117310e-01,1.932409107685089111e-01,-3.282098174095153809e-01,1.605136394500732422e-01,1.725095212459564209e-01,-4.551132023334503174e-02,-8.908011019229888916e-02,-2.959660813212394714e-02,-2.647770345211029053e-01,3.023262917995452881e-01,-2.140623629093170166e-01,-6.990066915750503540e-02,1.795975267887115479e-01,2.753518521785736084e-01,1.333790868520736694e-01,-1.220128163695335388e-01,-1.280834972858428955e-01,-2.723731696605682373e-01,1.903113275766372681e-01,2.511461675167083740e-01,-5.042923986911773682e-02,6.998233497142791748e-02,-1.802772432565689087e-01,-2.002837806940078735e-01,1.416458785533905029e-01,-1.043138727545738220e-01,2.284078150987625122e-01,4.367294907569885254e-02,1.040914654731750488e-01,-1.029008701443672180e-01,-1.331528276205062866e-01
-5.405362322926521301e-02,-1.008868739008903503e-01,-1.431846767663955688e-01,-2.251342833042144775e-01,-1.413799822330474854e-01,2.613328695297241211e-01,-3.439231961965560913e-02,1.194147206842899323e-02,-2.326430380344390869e-01,4.646095931529998779e-01,5.380424112081527710e-02,-8.368280529975891113e-02,2.749569714069366455e-02,-2.114478945732116699e-01,1.148698702454566956e-01,-2.206481844186782837e-01,-1.055121645331382751e-01,-1.563173979520797729e-01,3.003573976457118988e-02,-3.645393550395965576e-01,1.058903932571411133e-01,6.889723986387252808e-02,7.423216104507446289e-02,-2.354116737842559814e-01,-2.432971000671386719e-01,-4.940503090620040894e-02,1.970878243446350098e-01,1.557926088571548462e-01,-9.028054028749465942e-02,9.340886771678924561e-02,-2.834547869861125946e-02,2.240502536296844482e-01
-1.879892945289611816e-01,-4.536456614732742310e-02,-8.155821263790130615e-02,1.031432896852493286e-01,-1.162892580032348633e-01,1.336282193660736084e-01,1.699822694063186646e-01,-3.157527744770050049e-02,-3.500911891460418701e-01,-7.541871070861816406e-02,2.142327576875686646e-01,7.514348253607749939e-03,-2.599071338772773743e-02,4.753740429878234863e-01,2.170497775077819824e-01,-7.124315202236175537e-02,-5.745106190443038940e-02,1.495295464992523193e-01,1.179263219237327576e-01,-1.804833114147186279e-01,-3.465338051319122314e-01,-8.123883605003356934e-02,2.643472850322723389e-01,1.409501284360885620e-01,-8.537715673446655273e-02,-1.218770742416381836e-01,7.699473947286605835e-02,-1.816751062870025635e-01,1.952998153865337372e-02,5.343286320567131042e-02,1.403831839561462402e-01,-2.416640222072601318e-01
7.624930702149868011e-03,1.392658501863479614e-01,2.970241010189056396e-02,-1.942886114120483398e-01,1.926728039979934692e-01,-2.204965949058532715e-01,1.021892800927162170e-01,1.520583871752023697e-02,5.019953474402427673e-02,2.890866398811340332e-01,3.121186196804046631e-01,-2.177041172981262207e-01,-1.189683824777603149e-01,1.719294339418411255e-01,-3.358205854892730713e-01,-1.663864701986312866e-01,-3.360432088375091553e-01,2.755171358585357666e-01,1.266027390956878662e-01,5.432366579771041870e-02,-7.476102560758590698e-02,-2.160411179065704346e-01,-3.630652651190757751e-02,8.147598057985305786e-02,3.470872342586517334e-02,2.320187985897064209e-01,8.418068289756774902e-03,4.907966032624244690e-02,1.659657619893550873e-02,-2.226737439632415771e-01,6.969971954822540283e-02,2.239556759595870972e-01
2.072957009077072144e-01,9.903764724731445312e-02,7.375743240118026733e-02,-2.472875863313674927e-01,-2.915057912468910217e-02,-7.009069621562957764e-02,1.680601239204406738e-01,4.327598214149475098e-02,1.529735326766967773e-01,-1.878437846899032593e-01,1.739536374807357788e-01,-1.641471683979034424e-01,1.850932985544204712e-01,8.544415235519409180e-02,9.882315993309020996e-02,-4.169286191463470459e-01,1.520527452230453491e-01,-1.960182785987854004e-01,2.134096622467041016e-01,-1.683279275894165039e-01,1.045000553131103516e-01,3.969656676054000854e-02,-8.393536508083343506e-02,1.443749368190765381e-01,4.345086812973022461e-01,-9.095601737499237061e-02,2.246444970369338989e-01,1.202672719955444336e-04,-7.617741823196411133e-02,1.612697541713714600e-01,-1.980473697185516357e-01,-9.657656401395797729e-02
4.359774664044380188e-02,-5.339935421943664551e-01,4.822156950831413269e-02,-1.450214833021163940e-01,3.838648274540901184e-02,-1.718757748603820801e-01,-1.873191595077514648e-01,-1.796784996986389160e-01,6.389027088880538940e-02,-1.025606393814086914e-01,-3.143494017422199249e-03,-2.084781602025032043e-02,-1.302096247673034668e-01,6.565001606941223145e-02,3.523301482200622559e-01,-2.077070996165275574e-03,-8.336843550205230713e-02,2.574547659605741501e-03,2.350172773003578186e-02,2.108912542462348938e-02,-3.975775837898254395e-02,1.863225400447845459e-01,1.533154211938381195e-02,1.323988288640975952e-01,-4.609276726841926575e-02,1.942364424467086792e-01,1.003395840525627136e-01,-2.129492908716201782e-01,-3.019239306449890137e-01,-3.431628644466400146e-01,-1.915582269430160522e-01,1.669102907180786133e-01
2.191702835261821747e-02,-9.428635984659194946e-02,-2.263944000005722046e-01,-1.005963459610939026e-01,8.229480683803558350e-02,-1.377316266298294067e-01,-2.600121498107910156e-02,9.445854276418685913e-02,-2.194382101297378540e-01,-2.420495077967643738e-02,1.078100129961967468e-01,2.773819267749786377e-01,-8.704356849193572998e-02,2.497415542602539062e-01,-1.890589296817779541e-02,2.136679291725158691e-01,2.404381893575191498e-02,-1.755097880959510803e-02,1.229065656661987305e-01,1.954838931560516357e-01,7.504518330097198486e-02,4.484828561544418335e-02,4.835266619920730591e-02,4.393040388822555542e-02,1.392789483070373535e-01,-4.624140560626983643e-01,8.996820077300071716e-03,3.527464568614959717e-01,9.436689317226409912e-02,1.167241111397743225e-02,-2.755494713783264160e-01,3.630852997303009033e-01
1.373440921306610107e-01,-1.293504834175109863e-01,9.425278007984161377e-02,3.420091420412063599e-02,2.249604463577270508e-02,-2.130534350872039795e-01,2.015357613563537598e-01,3.949398100376129150e-01,-9.563525021076202393e-02,-2.987222373485565186e-01,1.829403936862945557e-01,2.771409749984741211e-01,-8.548554033041000366e-04,-4.743486270308494568e-02,1.497039198875427246e-01,-1.371731609106063843e-01,-5.951402336359024048e-02,-9.580990672111511230e-02,-2.947396039962768555e-02,-2.481647580862045288e-01,9.169775247573852539e-02,4.713855311274528503e-02,-5.465669184923171997e-02,-1.224704757332801819e-01,-8.386918157339096069e-02,1.798771917819976807e-01,-2.677155435085296631e-01,-3.344262391328811646e-02,1.530565321445465088e-01,3.764497861266136169e-02,3.583191633224487305e-01,3.008607625961303711e-01
8.232222497463226318e-02,1.078489869832992554e-01,5.485786125063896179e-02,-2.661645114421844482e-01,2.370884716510772705e-01,1.198211461305618286e-01,-1.578347533941268921e-01,3.184568583965301514e-01,9.962245076894760132e-02,1.992477774620056152e-01,1.336197257041931152e-01,2.664621472358703613e-01,-1.587593108415603638e-01,-1.868353486061096191e-01,2.299469858407974243e-01,-2.058687619864940643e-02,2.754092589020729065e-02,1.290569752454757690e-01,1.246071010828018188e-01,2.217122465372085571e-01,-3.688820600509643555e-01,1.771449148654937744e-01,-2.343539446592330933e-01,1.762664616107940674e-01,-1.465910971164703369e-01,-7.777182385325431824e-03,5.721888691186904907e-02,-8.734034001827239990e-02,2.088062092661857605e-02,2.588861286640167236e-01,-2.954116091132164001e-03,-1.532649844884872437e-01
2.150247432291507721e-02,1.211085096001625061e-01,-1.833954304456710815e-01,-1.382025778293609619e-01,1.279292404651641846e-01,-1.469883024692535400e-01,4.764657095074653625e-02,-2.773655056953430176e-01,-1.555893123149871826e-01,-6.911154091358184814e-02,1.970056295394897461e-01,2.258213162422180176e-01,-2.434746921062469482e-01,-2.528407871723175049e-01,-7.731700688600540161e-02,-1.849872916936874390e-01,3.372260928153991699e-01,-2.226938307285308838e-02,9.540920704603195190e-02,-1.065509319305419922e-01,5.354675650596618652e-02,1.148153189569711685e-02,1.084790844470262527e-02,-2.166358381509780884e-02,-1.270225793123245239e-01,-8.187120407819747925e-02,-1.605176478624343872e-01,1.772469282150268555e-01,-1.175929307937622070e-01,-4.046191573143005371e-01,9.712871909141540527e-02,-3.570818901062011719e-01
-1.821631938219070435e-01,-1.045683398842811584e-01,1.264121979475021362e-01,1.204807832837104797e-01,4.239477217197418213e-02,1.710367798805236816e-01,-6.329248659312725067e-03,1.512719988822937012e-01,-1.965604349970817566e-02,-1.255034953355789185e-01,2.548185363411903381e-02,-9.753549844026565552e-02,-9.898924827575683594e-02,-1.071239113807678223e-01,-1.260340809822082520e-01,-3.549680709838867188e-01,-1.720173060894012451e-01,2.491976507008075714e-02,3.033126890659332275e-01,3.322932720184326172e-01,3.497345447540283203e-01,1.138963550329208374e-01,5.809383839368820190e-02,-8.922463655471801758e-02,-1.888848841190338135e-01,-3.345652520656585693e-01,-2.833715081214904785e-02,-3.374752998352050781e-01,1.413299888372421265e-01,-1.246824637055397034e-01,-5.582559853792190552e-02,-4.194757342338562012e-02
-6.222514808177947998e-02,-1.722208112478256226e-01,1.533500701189041138e-01,3.717780113220214844e-02,4.276092946529388428e-01,-4.255336895585060120e-02,1.087803170084953308e-01,-2.030604928731918335e-01,2.639614045619964600e-01,2.617629766464233398e-01,-7.900092005729675293e-02,1.491822004318237305e-01,3.605767786502838135e-01,1.397642642259597778e-01,2.009649425745010376e-01,-1.332594156265258789e-01,9.287181496620178223e-02,2.079896926879882812e-01,1.427680812776088715e-02,3.885320946574211121e-02,1.508049666881561279e-01,-8.663818240165710449e-02,1.465464681386947632e-01,-8.722078055143356323e-02,-1.967058330774307251e-02,-2.192987054586410522e-01,-1.637023836374282837e-01,1.012836620211601257e-01,-2.114815115928649902e-01,1.462014764547348022e-01,2.546994090080261230e-01,4.361086525022983551e-03
2.293779887259006500e-02,-5.737587064504623413e-02,1.756909042596817017e-01,-4.899509996175765991e-02,6.486951559782028198e-02,2.394849658012390137e-01,-2.919186949729919434e-01,1.955389976501464844e-01,-7.849853485822677612e-02,-2.682049944996833801e-02,-6.207184866070747375e-02,-1.611750721931457520e-01,-3.069613575935363770e-01,1.369225382804870605e-01,-2.396674305200576782e-01,-1.113438084721565247e-01,6.173969805240631104e-02,1.266854107379913330e-01,-3.173813521862030029e-01,-1.819628477096557617e-01,6.214647740125656128e-02,2.900042533874511719e-01,7.542406022548675537e-02,2.019655257463455200e-01,2.566131353378295898e-01,-1.786696761846542358e-01,-1.620963215827941895e-01,1.104955077171325684e-01,-2.606527805328369141e-01,1.123345270752906799e-02,2.560699880123138428e-01,1.835705339908599854e-02
1.041689589619636536e-01,1.046893224120140076e-01,3.542288243770599365e-01,2.926224470138549805e-01,-7.531031966209411621e-02,-1.781885772943496704e-01,-1.545310765504837036e-01,6.141626834869384766e-02,1.912055462598800659e-01,3.485704213380813599e-02,2.412317246198654175e-01,-2.189958542585372925e-01,6.170967593789100647e-03,-5.653912201523780823e-02,5.101048201322555542e-02,-2.335961908102035522e-02,2.969392836093902588e-01,-8.546794205904006958e-02,4.455563053488731384e-02,5.234867334365844727e-02,-2.750752270221710205e-01,1.632894724607467651e-01,3.652724623680114746e-01,-7.769416272640228271e-02,-2.088283747434616089e-01,-1.072215437889099121e-01,2.085938155651092529e-01,2.252129614353179932e-01,1.218408867716789246e-01,-1.323599815368652344e-01,3.388830274343490601e-02,1.638752818107604980e-01
1.815604418516159058e-01,3.750598803162574768e-02,1.107460111379623413e-01,-9.567776322364807129e-02,8.370763808488845825e-02,7.166014611721038818e-02,-1.216336041688919067e-01,-2.285535633563995361e-01,1.701639443635940552e-01,-2.647037431597709656e-02,-8.186978846788406372e-02,1.357389241456985474e-01,-4.262610524892807007e-02,3.571510910987854004e-01,-1.506785601377487183e-01,1.850506663322448730e-02,-1.632943749427795410e-01,-1.097887456417083740e-01,7.289986312389373779e-02,-2.168898284435272217e-01,-2.169678509235382080e-01,2.592104673385620117e-01,-2.757947444915771484e-01,-5.274169445037841797e-01,4.174649715423583984e-03,-1.569584906101226807e-01,3.157776221632957458e-02,-9.896193444728851318e-02,2.015824168920516968e-01,-1.271377056837081909e-01,3.632728382945060730e-02,-6.854420900344848633e-02
2.435266375541687012e-01,-7.874103263020515442e-03,8.913338184356689453e-03,-1.491788327693939209e-01,-2.606963813304901123e-01,-4.535053856670856476e-03,-1.918627023696899414e-01,3.516325354576110840e-01,3.228815272450447083e-02,1.368688344955444336e-01,2.085101306438446045e-01,4.313642904162406921e-02,2.834911048412322998e-01,7.909536361694335938e-02,6.601615995168685913e-02,1.875139325857162476e-01,1.356055736541748047e-01,2.752228975296020508e-01,-1.968653351068496704e-01,-4.470431804656982422e-02,2.164584547281265259e-01,-2.495441883802413940e-01,-6.319864094257354736e-02,-1.315023452043533325e-01,-1.753390952944755554e-02,-1.934002041816711426e-01,7.590393722057342529e-02,-2.086403667926788330e-01,-3.224339336156845093e-02,-3.352947533130645752e-01,-9.043045341968536377e-03,-1.809741258621215820e-01
